1 0.257422 0.187500 0.217969 0.372917
1 0.473828 0.385937 0.189844 0.157292
1 0.393750 0.307812 0.128125 0.059375
1 0.765234 0.843229 0.036719 0.034375
1 0.444922 0.494271 0.439844 0.328125
1 0.339062 0.350521 0.075000 0.084375
1 0.239063 0.411979 0.123438 0.263542
1 0.255859 0.569792 0.169531 0.118750
1 0.301172 0.614583 0.149219 0.079167
1 0.408203 0.718750 0.221094 0.175000
1 0.582812 0.933854 0.103125 0.084375
1 0.423438 0.983333 0.025000 0.016667
1 0.624219 0.961458 0.025000 0.014583
1 0.499219 0.824479 0.025000 0.019792
1 0.408594 0.955729 0.037500 0.051042
1 0.294531 0.781771 0.037500 0.086458
