1 0.540135 0.071487 0.156250 0.142974
1 0.330270 0.387663 0.153186 0.030229
1 0.716912 0.250817 0.077206 0.168301
1 0.469669 0.254493 0.386642 0.252451
1 0.597120 0.470180 0.174632 0.187092
1 0.419118 0.530637 0.169118 0.294935
1 0.478248 0.453840 0.094975 0.196895
1 0.569547 0.392565 0.069240 0.090686
1 0.460478 0.720588 0.321691 0.307190
1 0.508272 0.863562 0.425858 0.189542
1 0.590074 0.774510 0.034314 0.066993
1 0.675245 0.651961 0.138480 0.276144
1 0.469669 0.092729 0.190564 0.072712
1 0.231311 0.897876 0.136642 0.039216
