1 0.337242 0.536667 0.265478 0.093333
1 0.655253 0.562500 0.235460 0.058333
1 0.794090 0.624167 0.156660 0.071667
1 0.418386 0.903333 0.039400 0.026667
1 0.883677 0.763333 0.127580 0.086667
1 0.911351 0.671667 0.027205 0.026667
1 0.693246 0.362500 0.174484 0.071667
1 0.784709 0.449167 0.126642 0.181667
1 0.922139 0.604167 0.026266 0.035000
1 0.967167 0.605000 0.020638 0.026667
1 0.197467 0.198333 0.021576 0.060000
1 0.937617 0.255000 0.090994 0.103333
1 0.550188 0.393333 0.032833 0.010000
1 0.608818 0.343333 0.033771 0.023333
