1 0.056285 0.484167 0.097561 0.118333
1 0.342402 0.908333 0.168856 0.186667
1 0.559099 0.862500 0.373358 0.251667
1 0.252345 0.345000 0.150094 0.103333
1 0.054409 0.111667 0.043152 0.023333
1 0.064259 0.221667 0.055347 0.046667
1 0.197936 0.431667 0.015009 0.020000
1 0.270169 0.745000 0.073171 0.120000
1 0.718105 0.691667 0.227955 0.086667
1 0.927767 0.898333 0.052533 0.200000
1 0.931051 0.363333 0.079737 0.176667
1 0.908068 0.213333 0.183865 0.376667
1 0.733583 0.139167 0.108818 0.155000
1 0.217636 0.223333 0.030019 0.043333
1 0.561445 0.487500 0.387430 0.448333
