1 0.604375 0.260000 0.301250 0.270000
1 0.403125 0.142500 0.131250 0.168333
1 0.523750 0.061667 0.067500 0.123333
1 0.894375 0.520000 0.191250 0.040000
1 0.456250 0.456667 0.047500 0.213333
1 0.898125 0.337500 0.198750 0.321667
1 0.402500 0.316667 0.090000 0.140000
1 0.372500 0.040000 0.327500 0.080000
1 0.505625 0.639167 0.403750 0.361667
1 0.429375 0.701667 0.013750 0.076667
1 0.465000 0.726667 0.135000 0.263333
1 0.660625 0.389167 0.083750 0.021667
1 0.772500 0.075000 0.452500 0.150000
1 0.466250 0.212500 0.067500 0.278333
