1 0.446925 0.783730 0.006944 0.009259
1 0.425843 0.770503 0.012401 0.027778
1 0.525546 0.626984 0.015377 0.010582
1 0.098214 0.616733 0.087302 0.085317
1 0.553571 0.872685 0.045635 0.052249
1 0.484127 0.862103 0.150794 0.069444
1 0.515873 0.702712 0.313492 0.236111
1 0.172371 0.550926 0.222718 0.144180
1 0.216022 0.717262 0.119544 0.109127
1 0.389137 0.481481 0.268353 0.101852
1 0.695437 0.524140 0.121032 0.013889
1 0.292907 0.326058 0.183036 0.068783
1 0.243552 0.402778 0.129960 0.052910
1 0.595238 0.816468 0.133929 0.098545
