1 0.747549 0.162173 0.466912 0.324346
1 0.475490 0.134395 0.768382 0.268791
1 0.968444 0.078840 0.060662 0.156046
1 0.957721 0.221405 0.031863 0.094771
1 0.952206 0.299428 0.093137 0.108660
1 0.659314 0.443219 0.072304 0.231209
1 0.805147 0.292892 0.219363 0.084150
1 0.453125 0.655637 0.068015 0.299837
1 0.636642 0.621732 0.022059 0.132353
1 0.626838 0.376634 0.055147 0.068627
1 0.647672 0.453431 0.063725 0.029412
1 0.581189 0.656046 0.011642 0.011438
1 0.593137 0.909722 0.056373 0.139706
1 0.560662 0.887255 0.100490 0.106209
1 0.588542 0.730801 0.108456 0.095588
1 0.425245 0.829248 0.013480 0.014706
1 0.833640 0.712827 0.330270 0.553105
1 0.704044 0.391748 0.022059 0.118464
1 0.833946 0.393382 0.079657 0.079248
1 0.664828 0.779820 0.194853 0.178922
