1 0.667500 0.873333 0.285000 0.250000
1 0.251875 0.814167 0.096250 0.148333
1 0.176875 0.701667 0.028750 0.030000
1 0.215000 0.909167 0.035000 0.098333
1 0.559375 0.853333 0.086250 0.216667
1 0.830000 0.609167 0.060000 0.581667
1 0.480000 0.090000 0.185000 0.106667
1 0.437500 0.025000 0.110000 0.046667
1 0.618750 0.030000 0.192500 0.056667
1 0.734375 0.265000 0.426250 0.073333
1 0.893125 0.781667 0.091250 0.043333
1 0.986875 0.812500 0.026250 0.018333
1 0.675625 0.385000 0.643750 0.763333
1 0.256250 0.393333 0.047500 0.130000
1 0.818750 0.394167 0.030000 0.181667
1 0.932500 0.897500 0.135000 0.075000
1 0.458125 0.950833 0.106250 0.095000
1 0.781250 0.804167 0.025000 0.028333
