1 0.160218 0.108796 0.164683 0.128968
1 0.080853 0.310185 0.150794 0.619048
1 0.074157 0.315807 0.146329 0.630291
1 0.401042 0.352513 0.784226 0.705026
1 0.549355 0.858466 0.395337 0.280423
1 0.303323 0.804563 0.160218 0.222884
1 0.389137 0.666336 0.088790 0.101190
1 0.375744 0.707341 0.044147 0.095899
1 0.553819 0.737434 0.174107 0.164021
1 0.827381 0.796296 0.145833 0.195767
1 0.911458 0.967923 0.073909 0.058862
1 0.946429 0.422950 0.104167 0.061508
1 0.795387 0.085979 0.164187 0.052910
1 0.961062 0.977844 0.062996 0.044312
