1 0.490625 0.565000 0.358750 0.290000
1 0.340000 0.745833 0.065000 0.081667
1 0.072500 0.635000 0.025000 0.053333
1 0.699375 0.670000 0.051250 0.113333
1 0.844375 0.598333 0.013750 0.040000
1 0.927500 0.654167 0.015000 0.028333
1 0.805625 0.670000 0.013750 0.020000
1 0.926875 0.730000 0.028750 0.030000
1 0.986250 0.746667 0.025000 0.020000
1 0.354375 0.845000 0.711250 0.306667
1 0.593750 0.344167 0.535000 0.115000
1 0.605625 0.732500 0.213750 0.085000
1 0.975000 0.824167 0.045000 0.105000
1 0.766875 0.980833 0.051250 0.035000
1 0.907500 0.982500 0.067500 0.031667
1 0.823125 0.903333 0.168750 0.070000
