1 0.417659 0.412368 0.344246 0.363095
1 0.614335 0.511243 0.770337 0.973545
1 0.753224 0.943783 0.070933 0.109788
1 0.798611 0.916667 0.056548 0.042328
1 0.604167 0.688161 0.311508 0.236111
1 0.720982 0.806548 0.270337 0.180556
1 0.693948 0.831680 0.078373 0.058862
1 0.651538 0.557540 0.129464 0.119048
1 0.861359 0.650794 0.245536 0.134921
1 0.215774 0.321098 0.126984 0.565476
1 0.223214 0.367725 0.061508 0.116402
1 0.223214 0.309524 0.081349 0.064815
1 0.097470 0.256944 0.194940 0.205688
1 0.133433 0.360450 0.191468 0.195767
