1 0.496032 0.430556 0.426587 0.211640
1 0.408730 0.624339 0.265873 0.563492
1 0.195437 0.408069 0.213294 0.388889
1 0.390625 0.277778 0.534226 0.232804
1 0.218750 0.532077 0.149802 0.218915
1 0.116319 0.380291 0.065972 0.417989
1 0.556548 0.640873 0.102183 0.153439
1 0.581101 0.611442 0.046131 0.045635
1 0.543899 0.832672 0.102679 0.048942
1 0.529514 0.880622 0.211806 0.070767
1 0.819196 0.689484 0.030258 0.040344
1 0.731399 0.811508 0.064980 0.071429
1 0.769097 0.636574 0.037202 0.041667
1 0.046379 0.128307 0.060020 0.060847
1 0.015873 0.111772 0.031746 0.072751
1 0.725694 0.421296 0.033730 0.007937
