1 0.675858 0.532271 0.170343 0.252451
1 0.515931 0.528186 0.079657 0.100490
1 0.104779 0.236520 0.207108 0.309641
1 0.347426 0.308007 0.412990 0.218954
1 0.800858 0.048611 0.327206 0.097222
1 0.681679 0.097631 0.015319 0.026961
1 0.962929 0.041258 0.072917 0.082516
1 0.330576 0.510621 0.374387 0.140523
1 0.575980 0.801062 0.204657 0.381536
1 0.381740 0.775735 0.196078 0.095588
1 0.524203 0.532680 0.034926 0.037582
1 0.598346 0.624183 0.183211 0.124183
1 0.363358 0.627451 0.026961 0.055556
1 0.587316 0.083333 0.085172 0.039216
1 0.810355 0.184232 0.210172 0.187092
