1 0.497500 0.397500 0.592500 0.745000
1 0.893750 0.233333 0.085000 0.416667
1 0.172500 0.783333 0.132500 0.170000
1 0.577500 0.842500 0.170000 0.151667
1 0.287500 0.831667 0.115000 0.126667
1 0.421250 0.766667 0.100000 0.050000
1 0.411250 0.822500 0.085000 0.068333
1 0.343125 0.744167 0.036250 0.065000
1 0.456250 0.770833 0.382500 0.288333
1 0.213750 0.359167 0.047500 0.038333
1 0.496250 0.359167 0.560000 0.405000
1 0.668750 0.629167 0.040000 0.061667
1 0.797500 0.265833 0.252500 0.531667
1 0.327500 0.711667 0.180000 0.143333
