1 0.252451 0.186275 0.220588 0.372549
1 0.441176 0.375817 0.205882 0.163399
1 0.340686 0.352941 0.073529 0.091503
1 0.446078 0.493464 0.441176 0.333333
1 0.284314 0.450980 0.215686 0.339869
1 0.340686 0.673203 0.348039 0.274510
1 0.328431 0.620915 0.068627 0.026144
1 0.500000 0.823529 0.019608 0.013072
1 0.411765 0.964052 0.049020 0.071895
1 0.610294 0.908497 0.044118 0.039216
1 0.566176 0.954248 0.063725 0.039216
1 0.767157 0.839869 0.034314 0.032680
1 0.526961 0.392157 0.083333 0.130719
1 0.286765 0.764706 0.053922 0.130719
