1 0.331189 0.371324 0.063113 0.041667
1 0.610907 0.391340 0.053922 0.042484
1 0.295956 0.428105 0.028186 0.062092
1 0.569240 0.449346 0.012255 0.070261
1 0.029412 0.585376 0.057598 0.033497
1 0.971814 0.470588 0.047794 0.145425
1 0.465074 0.323121 0.040441 0.046569
1 0.481924 0.424428 0.043505 0.048203
1 0.603860 0.549837 0.318015 0.071895
1 0.810968 0.287173 0.069240 0.084150
1 0.715380 0.343546 0.026348 0.040033
1 0.860907 0.352533 0.022059 0.030229
1 0.932904 0.363154 0.085172 0.110294
1 0.944853 0.316993 0.037990 0.024510
