1 0.305469 0.480729 0.034375 0.048958
1 0.360156 0.568750 0.014063 0.022917
1 0.826562 0.149479 0.029687 0.026042
1 0.192969 0.065104 0.046875 0.123958
1 0.144922 0.159896 0.119531 0.038542
1 0.149219 0.194271 0.106250 0.044792
1 0.431641 0.417187 0.150781 0.188542
1 0.589844 0.466667 0.092188 0.083333
1 0.219531 0.393229 0.100000 0.059375
1 0.104688 0.283854 0.207813 0.113542
1 0.281641 0.714063 0.021094 0.061458
1 0.819922 0.218229 0.016406 0.103125
1 0.492969 0.572396 0.025000 0.032292
1 0.283594 0.638542 0.012500 0.062500
1 0.259375 0.396875 0.076563 0.212500
